36
1 20 0 2272 5 0 1106 0 
2 20 0 72 5 1424 928 0
3 20 0 56 5 1440 864 0
4 20 0 88 5 1328 816 0
5 20 0 104 5 1280 752 0
21 21 0 51 35 760 1032 0
22 21 0 51 35 760 1064 0
6 21 0 51 35 720 1032 3
7 21 0 51 35 720 1064 3
9 23 0 42 24 1296 1028 0
8 23 0 42 24 1242 984 1
10 23 0 42 24 1328 944 0
11 20 0 112 5 1152 688 0
12 23 0 42 24 1296 640 0
13 21 0 51 35 1340 568 0 
14 21 0 51 35 1340 600 0
15 20 0 80 5 1400 608 0
16 24 0 5 718 1493 400 0
18 24 0 5 48 1336 768 0
19 24 0 5 48 1256 704 0
20 24 0 5 416 1128 496 0
23 22 0 33 67 976 1008 0
24 22 0 33 67 1040 1008 1
25 22 0 33 67 1104 1008 2
26 23 0 42 24 1360 544 0
27 23 0 42 24 1280 512 1
28 20 0 128 5 1088 480 0
29 24 0 5 16 1096 464 0
30 20 0 136 5 960 448 0
31 24 0 5 48 968 464 0
32 20 0 72 5 888 512 0
33 24 0 5 64 904 528 0
34 20 0 336 5 560 588 0
35 20 0 328 5 448 708 0
36 26 0 1 100 472 496 0
37 24 0 5 240 440 464 0

